Fewest:

We are given an array, A, with n elements, and a number C. Assume that the sum of the elements in A is larger than C. We would like to compute the smallest number of elements from A whose sum is greater than C. For example, if A = [8, 3, 9, 2, 7, 1, 5], and C = 18, then the answer is 3. Design an O(n) algorithm to solve this problem. Partial credit can be received for an O(n log n) algorithm. Note: you may not use any distribution-based sorts on this problem (the necessary input assumptions may not be true.)

Input specification: the first line contains n. The second line contains a single integer representing the target value. The third line contains the integers A[0], A[1], ..., A[n-1], separated by spaces. You may assume that all numbers fit within int and that n is not bigger than 100,000. You may also assume that all numbers (including the target) are greater than 0, and that the sum of the values in A does exceed the target value. 

Output specification: the output contains a single line containing a single number: the minimum number of elements required to achieve a sum greater than the target. 

Sample Input and Output:

1.

8
17
3 1 8 2 4 6 9 5

>>3

2.

20
75
3 8 1 5 2 9 6 3 10 8 9 9 7 1 3 2 9 7 8 9

>>9

3.

10000
1000000
786 396 433 150 278 169 323 274 802 907 911 679 556 815 848 892 892 769 155 760 454 639 322 364 767 238 953 568 950 796 293 264 591 208 321 725 441 422 688 352 240 721 873 580 258 361 233 317 491 914 752 321 287 139 835 623 508 132 807 578 195 961 750 337 867 550 401 535 528 11 248 290 71 310 102 205 420 448 838 885 250 664 621 339 179 220 596 32 307 392 859 28 666 361 604 239 267 903 19 804 690 606 805 838 69 875 531 748 579 461 630 235 158 687 149 95 763 165 365 461 57 943 438 608 344 299 483 437 17 715 683 409 702 910 844 420 44 315 98 659 749 867 666 90 558 937 674 404 366 338 870 125 451 702 699 247 283 377 252 92 909 702 132 614 126 142 343 890 733 838 870 285 676 617 564 625 487 405 402 727 852 147 127 508 665 215 883 69 16 118 640 951 78 215 736 501 508 775 3 77 109 201 523 69 622 993 659 235 402 149 470 631 818 358 460 178 379 428 283 284 688 796 492 724 347 345 256 590 524 164 993 423 905 451 474 89 347 742 146 353 83 348 504 424 796 821 86 203 617 949 593 243 401 434 130 974 460 112 52 966 174 119 917 976 428 889 210 434 503 651 616 432 855 907 453 393 777 247 701 494 184 23 88 13 992 280 334 871 443 526 535 31 585 190 202 610 724 226 750 778 313 970 137 96 187 149 284 524 313 721 193 474 359 871 898 685 904 736 439 936 599 873 910 228 774 816 270 334 883 672 70 655 128 846 903 40 310 148 900 74 802 941 924 754 55 448 568 479 61 86 80 954 324 433 466 372 20 567 706 216 980 77 886 639 871 64 537 519 753 284 132 532 522 36 725 361 208 674 970 180 941 628 137 376 709 317 858 912 996 273 198 609 23 330 655 73 983 53 271 303 937 61 291 535 652 465 438 72 943 710 797 891 555 341 938 204 807 569 926 420 715 388 749 932 547 755 366 177 339 326 924 366 110 106 626 470 790 866 784 693 379 250 413 887 752 666 968 714 287 936 106 301 790 658 275 906 770 777 949 345 645 406 308 455 598 880 329 195 342 405 295 242 514 841 703 51 980 135 922 440 864 372 496 700 342 173 859 942 804 63 965 589 495 803 14 429 988 694 62 545 897 982 22 313 888 986 865 816 841 207 589 143 255 59 241 62 526 154 406 952 48 134 729 757 214 669 339 998 788 23 549 731 263 921 196 33 601 640 905 143 493 707 508 521 248 839 849 327 716 989 823 60 738 672 387 396 356 658 611 277 546 406 154 305 486 623 190 838 819 951 234 299 865 600 305 316 951 218 826 934 569 830 724 984 557 982 680 611 8 595 204 6 628 506 233 518 747 24 465 638 525 135 344 370 867 502 642 110 38 749 558 718 54 624 544 489 102 270 146 387 853 193 665 155 156 768 44 786 464 20 507 559 433 107 806 415 407 117 443 2 755 417 318 353 204 250 566 86 861 391 866 897 924 563 268 483 599 894 118 814 519 95 621 324 595 844 164 381 818 399 728 413 189 116 559 946 127 87 97 49 466 420 710 745 683 704 914 67 952 987 88 309 533 674 439 525 193 544 974 669 968 69 295 15 595 989 894 367 875 708 291 148 992 93 772 12 930 865 684 467 21 918 957 996 618 208 401 808 530 318 111 142 52 279 279 784 995 175 197 688 717 985 504 695 457 222 630 102 471 160 954 32 255 762 378 863 790 564 116 801 705 527 424 779 228 88 287 784 87 63 863 497 725 194 611 135 453 429 383 533 746 824 604 432 152 55 842 667 805 891 690 983 14 439 683 971 347 185 570 663 879 889 17 496 141 83 997 976 297 255 727 420 543 839 970 972 474 554 857 386 622 182 63 793 355 769 774 990 241 888 440 649 654 935 571 264 505 112 216 682 873 330 889 712 451 756 398 344 457 950 868 533 411 492 341 934 756 361 130 88 688 804 620 220 335 203 164 110 334 335 465 923 270 590 419 979 329 493 753 293 307 360 638 944 225 813 822 263 44 966 135 939 927 911 705 347 897 742 877 126 473 482 18 596 119 173 416 449 213 569 908 551 913 921 501 27 340 51 30 25 122 418 808 278 426 148 365 851 792 424 136 926 178 96 192 978 33 71 21 210 202 790 632 278 309 900 914 778 573 664 889 581 900 181 260 178 760 438 975 664 797 914 275 957 197 583 980 781 280 129 86 452 249 931 470 911 355 455 761 384 477 985 430 989 708 295 299 498 44 515 274 710 772 851 380 397 227 200 81 130 435 272 835 284 496 833 138 353 728 35 636 720 26 180 125 133 507 140 145 828 329 880 750 12 408 637 290 599 840 353 728 533 137 659 947 703 78 382 803 334 702 910 512 476 17 178 995 508 29 18 83 495 966 406 726 993 983 545 95 8 75 119 499 163 352 295 225 184 587 365 853 217 975 308 475 873 930 844 212 175 685 539 264 470 665 534 67 710 449 356 828 7 328 830 39 269 943 781 684 535 804 582 109 537 388 103 849 835 942 924 924 937 720 10 16 41 248 254 429 840 953 119 218 2 199 687 824 468 704 905 804 659 697 962 154 326 282 847 573 519 993 421 397 481 520 707 406 840 611 228 992 486 493 317 501 843 392 194 349 457 975 804 55 460 42 33 607 109 781 638 339 972 723 28 714 116 621 916 806 49 889 981 871 697 772 315 146 602 89 739 93 778 928 994 281 212 305 446 140 990 650 307 459 315 561 240 739 838 628 138 947 393 625 998 293 840 186 304 610 154 540 567 763 112 796 794 805 198 122 151 834 874 415 302 892 326 429 274 795 738 314 299 131 597 19 400 782 972 963 310 494 370 10 637 904 612 363 640 851 410 908 397 295 746 598 368 287 117 473 232 934 457 265 483 495 201 69 254 314 462 361 228 398 872 460 415 633 524 5 797 907 393 503 758 257 68 649 156 926 809 943 909 4 932 552 349 34 126 3 655 262 927 543 208 328 631 215 701 706 252 791 647 713 239 74 556 344 400 590 916 233 975 260 12 764 701 667 42 795 873 971 655 568 115 937 656 676 573 186 830 55 269 460 971 236 882 490 640 649 29 906 438 37 685 250 290 116 142 885 256 676 942 981 304 9 405 573 991 720 347 502 783 624 511 315 808 225 895 397 230 144 48 137 472 969 445 235 963 156 579 206 232 578 389 237 355 106 815 355 768 738 344 305 170 680 421 105 863 322 924 4 704 67 600 447 153 231 321 195 875 855 341 727 715 977 221 36 679 522 764 982 654 749 750 350 780 543 668 849 372 624 93 200 330 585 601 903 1 142 938 182 118 678 517 842 444 862 362 891 647 615 78 550 802 603 578 766 259 979 204 518 53 676 639 353 26 989 37 557 917 90 694 537 955 357 130 340 193 694 144 390 167 410 569 196 791 693 572 236 875 141 714 759 971 16 58 5 573 568 605 983 985 446 117 75 471 677 803 887 309 405 237 526 154 157 330 191 371 730 523 2 794 852 561 99 65 173 348 670 362 370 758 187 758 802 823 631 130 223 179 263 534 289 823 215 654 638 721 319 93 268 752 450 226 46 89 2 138 819 758 148 324 852 837 951 757 503 158 292 754 293 135 975 31 87 354 589 122 177 921 419 987 329 275 815 940 968 608 287 229 459 931 606 844 454 622 556 282 803 324 715 267 776 960 216 283 371 525 882 881 668 72 686 165 740 160 614 715 669 564 272 312 873 977 902 275 924 772 937 763 138 951 254 707 356 411 896 458 435 472 785 653 605 54 477 300 6 682 591 216 420 685 237 98 821 942 968 849 715 871 404 741 325 757 638 467 917 249 169 365 613 660 8 813 158 71 408 201 929 530 132 445 969 749 68 994 645 618 728 489 802 226 16 107 170 725 556 202 482 237 905 617 376 789 8 110 79 557 614 825 429 551 935 727 19 602 801 354 108 908 498 46 756 83 672 534 835 139 664 386 583 81 761 922 584 220 770 194 489 298 709 627 279 386 794 124 398 646 481 120 413 549 36 918 539 206 344 766 497 844 254 284 52 46 659 18 112 535 498 675 545 616 675 135 615 61 405 418 876 620 876 59 801 934 707 912 914 13 833 905 480 57 560 272 678 892 141 328 151 685 728 867 393 754 406 822 213 906 989 476 988 789 461 282 271 137 670 454 518 766 512 461 86 553 787 256 378 118 855 951 203 329 583 679 129 625 82 69 676 604 796 510 612 333 28 451 19 648 48 143 488 204 774 811 188 692 318 209 736 851 175 248 349 260 223 263 520 601 724 119 254 79 980 846 973 139 997 591 925 732 721 269 906 58 733 266 132 256 347 913 580 909 966 874 988 284 190 270 661 117 464 287 586 701 506 416 302 883 159 272 381 747 77 802 270 327 926 415 196 706 451 675 934 623 369 304 343 15 261 472 180 116 293 43 619 325 880 396 488 882 432 703 88 694 90 82 432 977 543 519 693 338 123 832 575 859 391 789 285 160 815 784 622 692 40 560 165 60 181 231 478 175 535 361 337 996 111 656 161 142 69 872 762 493 667 674 548 627 128 773 620 288 126 255 954 915 42 642 818 461 730 937 135 540 122 749 910 383 90 981 764 862 789 799 926 365 347 127 160 930 84 385 442 800 218 903 433 878 850 518 48 415 285 285 281 879 933 185 556 702 654 839 747 633 813 470 364 985 365 121 447 165 776 174 26 72 217 198 237 685 674 833 485 523 397 190 611 121 147 129 866 111 218 636 804 780 820 349 645 113 462 368 47 490 657 379 710 674 615 699 231 289 658 873 588 520 701 871 666 890 303 664 45 92 226 392 281 182 619 333 331 557 515 176 915 472 438 38 884 923 267 195 485 70 932 62 897 238 565 812 197 586 175 960 104 934 400 174 703 578 425 94 475 435 211 553 52 802 525 579 637 793 460 989 51 367 538 552 786 898 343 5 506 937 155 37 458 399 153 131 329 336 663 793 682 740 388 240 504 54 693 581 112 397 694 409 522 38 19 4 572 496 156 324 178 932 368 513 282 645 277 59 642 535 783 26 212 57 914 977 905 212 337 141 653 744 995 741 955 949 982 961 797 226 837 342 439 550 830 632 988 480 498 9 396 780 308 585 685 213 639 995 210 368 563 398 129 756 342 113 750 266 310 308 743 585 963 69 253 290 51 297 566 82 209 18 800 57 335 704 331 806 44 804 354 897 477 554 683 275 511 358 178 637 726 334 810 974 932 182 451 477 123 222 346 259 591 446 654 32 84 140 769 751 959 133 688 682 221 328 588 762 717 417 244 297 896 532 874 336 271 615 320 525 534 416 788 636 83 562 620 960 242 714 274 47 549 178 50 975 298 142 931 529 264 429 292 692 613 226 922 36 381 32 935 130 626 154 411 672 350 764 888 43 917 725 883 101 516 185 633 244 741 672 396 592 556 57 289 560 933 52 499 398 128 236 86 541 301 459 837 894 521 863 979 94 51 813 876 704 976 590 887 869 697 241 880 838 683 383 872 804 942 931 623 714 711 925 379 643 563 214 15 218 730 908 61 545 200 229 172 167 998 931 510 210 196 699 203 418 396 609 404 302 223 237 213 190 638 514 807 803 877 207 582 220 483 480 125 858 490 745 449 623 123 40 70 954 270 624 410 749 185 601 590 465 379 321 217 120 31 821 188 836 766 92 228 232 967 210 580 448 369 660 129 531 511 841 135 23 610 220 505 130 500 83 985 867 242 31 36 966 133 898 941 869 93 571 341 347 115 557 333 25 925 311 851 794 359 757 552 258 375 481 433 742 47 703 225 95 971 483 350 833 312 690 297 472 588 918 787 676 672 464 225 255 179 692 916 434 974 834 612 574 701 577 617 800 95 325 813 367 55 138 479 100 690 389 125 968 909 137 883 572 834 544 763 466 954 541 928 948 956 600 24 182 519 198 126 54 142 304 970 776 986 358 206 628 120 671 790 582 530 647 741 331 302 60 651 359 960 280 444 489 290 678 739 223 473 21 731 82 470 700 744 754 5 440 951 99 381 576 312 480 290 982 662 587 981 562 480 484 66 998 508 705 891 696 966 403 905 544 731 750 24 376 399 592 969 995 855 654 534 995 715 803 498 638 360 67 461 568 640 566 59 404 197 161 471 232 684 1 313 770 370 748 177 573 885 166 115 943 352 527 840 122 671 998 976 304 492 587 414 919 538 186 589 847 477 84 534 609 906 555 57 805 874 167 15 217 527 583 974 137 500 946 804 185 781 746 84 717 891 710 702 916 280 313 609 12 239 148 169 332 58 152 666 595 807 855 755 310 216 604 426 706 258 797 471 720 115 735 130 469 825 184 924 839 50 449 284 823 15 21 96 214 793 608 844 53 33 808 242 881 427 853 389 395 901 663 628 741 972 727 737 394 361 366 806 780 696 955 86 874 808 774 632 424 229 852 618 961 877 649 298 877 116 362 749 998 140 750 644 664 522 813 901 970 70 998 480 612 635 937 237 223 993 514 388 221 456 194 474 479 742 546 60 790 87 47 238 916 386 957 478 176 727 337 281 410 125 79 761 549 280 219 90 858 711 150 120 493 892 512 799 525 323 513 105 45 470 936 802 431 654 940 959 719 913 879 589 593 259 806 437 127 440 431 61 800 13 654 478 538 375 340 588 620 743 167 441 684 661 373 93 480 671 879 54 459 192 220 134 318 748 226 118 767 126 850 418 14 835 352 70 778 762 421 735 78 553 525 878 310 1 216 166 779 621 139 115 50 628 188 820 248 259 58 693 343 910 40 29 832 33 542 532 589 467 880 741 20 385 927 791 271 850 291 419 803 352 297 839 977 479 191 899 537 922 233 917 335 705 551 959 485 155 256 772 778 35 438 987 92 163 46 460 931 163 322 906 883 526 687 646 177 255 547 499 941 233 779 429 658 613 489 627 94 895 396 254 36 371 827 735 808 694 900 638 546 880 197 439 999 926 720 200 779 3 464 547 142 255 641 665 866 672 985 494 88 640 458 715 451 602 531 270 768 804 33 387 898 522 464 78 836 165 524 165 542 175 73 949 850 86 776 21 267 87 815 182 968 281 977 786 581 436 699 12 44 299 731 144 390 871 445 121 240 242 22 297 729 92 10 603 558 394 302 487 257 207 515 548 733 615 772 329 17 869 976 663 917 188 744 829 326 890 550 796 516 632 867 888 947 575 56 188 329 977 169 138 324 860 297 203 377 495 755 100 212 804 259 481 612 980 906 129 654 300 112 240 856 126 776 547 558 935 14 698 709 342 81 744 959 704 408 830 643 433 952 572 513 327 421 686 80 157 821 661 220 344 957 541 291 885 471 926 639 344 919 859 500 557 922 23 821 953 224 87 532 199 686 655 912 42 478 860 653 391 24 504 119 415 808 453 361 941 740 171 654 28 404 864 791 367 858 111 346 234 370 448 261 197 80 285 964 730 405 964 485 80 190 605 198 835 104 179 323 816 669 766 105 568 320 876 32 964 60 817 514 124 31 952 629 953 329 596 433 418 511 707 256 809 986 526 216 369 93 278 908 269 119 861 36 153 707 255 621 364 436 270 193 560 396 983 423 668 827 161 418 157 941 693 661 813 815 504 525 452 260 315 344 171 960 194 75 513 872 554 961 741 825 892 598 570 25 699 553 903 678 767 610 61 706 242 644 375 913 718 71 280 201 964 515 376 282 691 221 634 492 239 773 132 609 630 678 953 781 630 187 750 746 871 468 821 837 663 341 53 217 291 566 518 482 676 481 696 600 115 689 66 608 764 835 29 233 92 992 668 124 355 339 250 791 111 365 716 939 492 116 331 407 638 862 406 96 394 325 16 230 886 119 676 711 634 158 527 715 940 823 167 495 67 330 43 323 395 534 249 315 771 841 213 174 562 775 917 535 821 638 551 72 300 976 892 500 558 290 89 54 457 504 184 820 624 110 565 822 478 546 853 139 290 144 769 671 129 944 158 846 315 464 67 669 754 702 940 100 289 772 99 69 530 99 12 547 520 449 991 776 937 584 977 417 563 328 979 158 96 785 286 117 321 432 375 40 532 687 551 274 549 429 488 412 237 183 810 154 312 24 914 856 954 252 759 821 361 957 361 856 476 686 923 906 879 668 124 276 127 816 998 840 673 231 169 868 119 96 977 843 274 343 57 889 184 617 806 860 536 991 151 406 338 326 813 179 667 902 517 499 716 986 290 144 308 179 949 412 92 727 427 409 75 567 967 773 464 909 435 547 123 287 460 973 579 396 834 697 236 622 98 382 929 775 108 640 822 715 105 116 699 218 888 793 528 757 939 442 142 898 302 922 735 231 947 833 255 261 949 659 664 242 4 486 975 489 925 260 102 171 17 815 62 602 714 758 798 867 315 683 422 796 772 681 951 578 627 568 161 800 268 372 278 817 848 350 263 963 872 877 721 588 757 756 427 677 154 926 834 441 700 714 31 370 244 222 850 320 498 900 934 399 134 419 724 27 256 712 654 302 30 242 520 176 578 307 128 647 366 914 112 60 508 281 732 48 367 53 800 261 100 303 886 886 664 629 459 539 708 455 55 642 658 315 295 981 660 83 145 136 227 18 157 929 36 968 643 85 930 961 886 259 665 484 473 48 418 490 583 116 30 953 363 585 703 830 268 41 455 964 227 149 30 668 972 803 611 391 359 845 779 640 671 445 357 559 495 902 819 405 470 201 69 30 903 500 921 51 591 614 136 112 909 785 65 621 100 841 318 871 594 9 828 222 188 361 885 913 942 616 996 645 244 426 31 879 66 513 150 495 583 629 410 20 49 367 727 175 568 11 160 242 809 190 547 591 718 544 108 782 845 118 780 605 261 852 821 304 120 67 239 711 8 330 105 30 878 314 344 406 491 991 827 492 450 347 670 416 469 156 331 359 360 816 28 449 359 164 780 370 449 878 935 889 391 126 246 678 406 255 59 164 106 155 198 59 785 578 525 706 82 57 91 751 558 28 909 747 507 719 717 183 183 347 431 357 799 967 834 373 195 783 188 357 216 918 428 527 48 139 314 215 316 925 698 379 444 466 684 875 505 398 895 424 963 606 762 498 644 893 181 675 366 181 790 154 42 489 191 572 308 444 976 90 659 825 231 138 548 474 725 309 837 780 757 572 580 621 105 285 385 693 135 985 515 268 836 595 34 514 847 619 988 261 196 83 893 250 727 362 913 327 176 871 795 643 439 546 553 526 968 614 551 139 709 590 725 451 706 139 978 431 543 967 317 478 394 847 988 462 832 528 27 799 20 880 816 672 470 521 772 971 828 883 652 944 159 88 813 182 890 628 211 443 588 661 478 192 987 406 651 745 199 585 46 430 440 928 925 923 408 864 458 840 220 623 126 130 209 195 628 544 303 168 100 855 158 446 126 395 393 93 222 243 658 942 826 20 215 312 95 628 793 212 366 161 753 801 463 538 673 67 430 595 499 275 225 284 850 510 140 528 254 827 794 970 527 454 362 832 962 943 580 309 316 721 29 101 86 341 364 778 10 839 522 962 527 111 114 407 310 842 225 209 452 157 680 180 889 939 332 896 832 913 316 145 20 281 189 108 297 2 200 559 783 152 357 918 923 843 230 189 81 741 91 551 746 454 661 397 962 172 200 142 512 57 272 24 599 179 322 313 783 501 406 225 794 857 734 265 556 464 518 274 719 105 847 793 600 647 310 428 872 892 286 783 60 832 336 437 7 758 351 663 690 131 157 950 277 440 643 262 402 382 805 786 255 313 398 661 142 231 960 924 263 927 794 236 793 430 242 62 128 376 553 150 422 886 661 931 873 900 628 554 765 14 868 891 914 126 692 50 803 609 882 561 564 737 388 464 734 900 499 902 639 468 118 473 715 251 759 615 995 213 639 797 609 681 497 764 630 248 639 149 696 951 946 93 969 214 488 825 789 982 649 249 967 238 464 109 513 619 898 31 939 543 536 313 993 719 683 483 941 288 537 862 695 65 526 901 639 764 30 636 518 210 775 62 396 733 205 672 67 970 753 830 536 161 851 880 60 422 212 726 826 91 314 863 626 586 13 104 164 210 294 816 333 431 677 464 685 786 442 513 13 179 571 65 427 265 843 247 871 765 667 119 807 223 321 182 355 539 564 307 578 575 779 549 710 322 393 939 301 414 418 645 990 818 592 795 695 503 579 210 335 408 114 536 371 513 880 747 675 898 915 207 349 339 500 982 564 631 832 785 320 330 655 593 905 85 576 564 466 129 995 730 5 56 665 902 549 595 430 28 523 956 973 273 849 944 821 129 188 74 341 528 159 727 304 138 877 609 741 852 947 413 562 871 816 792 380 104 110 974 251 26 864 696 479 118 875 419 844 220 389 141 662 505 605 702 251 8 582 551 195 555 40 687 942 760 105 62 242 950 595 620 824 686 454 807 454 950 920 138 333 258 137 839 357 805 395 735 156 471 257 579 828 421 393 649 233 854 460 640 20 393 555 121 36 658 852 995 148 317 470 571 751 299 453 197 692 351 614 683 127 125 92 379 82 372 860 454 349 321 247 954 308 247 200 771 122 36 622 841 498 886 363 700 840 814 795 693 354 398 968 116 16 452 443 399 460 388 163 628 157 460 578 822 266 418 960 810 109 450 885 600 764 398 859 891 183 908 398 47 379 991 873 875 495 463 437 528 691 364 883 737 274 385 49 818 592 237 317 407 932 981 368 716 565 812 812 127 712 40 823 184 763 122 411 15 327 661 73 977 581 563 450 380 83 736 247 788 916 575 123 147 931 742 523 309 359 159 98 564 85 617 317 593 968 738 956 896 729 494 756 245 502 480 548 312 425 519 725 139 61 195 922 656 15 269 117 56 205 615 845 298 122 931 401 424 608 843 100 579 734 291 768 82 492 144 548 449 306 962 889 530 364 468 133 432 482 285 506 48 818 435 675 452 710 714 372 934 373 879 245 767 690 564 973 994 798 800 210 47 637 237 63 652 909 896 566 553 687 269 921 890 867 206 295 68 895 688 370 347 203 664 938 483 338 789 63 942 314 375 243 898 74 168 611 845 261 7 816 715 623 569 999 402 630 989 795 289 869 91 173 366 104 429 2 747 532 210 621 39 791 165 457 98 643 245 115 486 902 35 205 158 475 312 69 360 700 381 768 935 998 873 719 31 176 293 268 507 889 617 146 387 184 245 336 566 876 377 852 381 665 150 248 786 981 373 816 543 346 982 536 785 335 721 348 681 71 384 805 640 509 7 8 795 788 195 471 142 882 443 943 921 569 278 927 587 472 804 543 477 812 516 761 556 20 216 493 33 192 1 67 576 126 855 395 492 950 198 554 153 210 927 210 684 468 807 305 244 681 418 557 407 935 226 920 869 6 624 966 856 881 985 235 151 704 651 83 19 108 746 417 523 497 647 833 483 460 21 306 363 873 948 120 819 176 917 812 611 141 724 636 758 517 225 906 112 852 558 233 951 730 466 152 959 222 794 606 455 180 938 788 291 548 562 96 819 642 852 716 866 954 266 470 265 866 743 252 672 509 630 408 88 145 105 164 690 73 548 386 759 460 236 786 683 455 626 621 745 256 996 825 684 421 696 539 161 945 291 104 19 794 601 704 492 805 175 862 364 559 543 35 399 874 377 338 842 512 121 607 911 380 89 309 542 956 157 48 124 270 374 529 436 676 354 535 416 80 672 161 703 552 357 95 848 650 300 219 657 866 42 94 160 238 572 862 208 559 162 530 340 568 95 445 675 633 680 691 199 415 284 456 735 495 146 808 518 457 566 505 557 21 830 294 7 391 279 981 46 611 497 179 391 514 583 881 793 883 597 20 508 335 238 108 182 926 397 207 405 695 773 198 94 191 554 265 408 451 254 135 413 948 711 931 443 492 773 414 536 900 355 851 975 417 205 457 578 574 727 219 201 691 750 432 430 78 812 768 276 999 554 711 621 914 816 963 537 903 366 266 872 18 11 883 884 893 155 598 865 483 958 253 143 76 144 671 970 874 93 76 928 117 101 130 330 78 431 195 192 538 566 995 945 225 283 349 102 2 827 937 90 814 894 993 310 105 783 130 903 892 169 827 543 751 838 840 604 497 694 423 387 214 867 131 498 626 931 703 494 955 122 717 200 570 688 671 674 539 123 450 673 496 63 941 819 253 641 958 405 254 497 281 294 753 154 825 944 330 748 279 901 749 738 717 351 405 98 350 883 373 243 267 977 92 903 352 988 563 405 197 488 958 484 69 105 636 450 339 780 317 64 152 130 653 410 68 284 82 675 854 370 828 312 806 454 365 683 328 975 782 745 995 986 338 498 754 456 590 719 69 414 612 262 878 219 384 82 236 271 577 908 336 178 309 880 777 922 473 571 311 345 468 685 412 1 150 670 131 672 566 946 440 828 689 831 134 196 345 593 696 228 265 576 134 844 644 543 309 557 333 411 961 578 80 588 154 147 261 796 676 593 222 653 341 268 57 159 62 759 35 263 675 268 626 24 838 719 727 529 286 629 146 830 277 238 126 899 273 245 496 952 318 668 907 484 829 659 501 831 839 641 935 702 205 863 289 248 150 171 292 815 621 40 44 195 614 619 590 9 442 834 119 929 585 41 920 689 256 961 492 404 678 457 821 848 188 133 464 465 566 120 794 763 232 838 765 48 223 716 521 913 677 984 453 89 853 799 659 950 939 749 710 386 683 645 853 874 746 770 284 77 515 572 291 523 452 845 532 672 674 283 867 552 164 469 893 171 354 285 327 527 546 292 707 988 972 765 568 666 696 504 117 658 543 643 846 439 218 816 624 180 554 980 518 260 757 703 462 210 153 347 701 767 166 986 122 949 838 41 717 302 64 632 797 374 103 148 533 749 522 679 991 89 282 273 112 752 864 449 60 15 361 376 439 619 383 574 187 376 74 670 619 66 135 378 201 404 172 664 64 158 776 663 783 894 516 394 361 761 628 562 801 586 809 341 460 556 730 141 919 143 657 948 647 371 409 748 792 659 506 773 67 578 312 874 265 422 827 139 157 660 859 107 233 968 868 858 830 863 883 370 35 541 96 182 74 624 355 501 375 344 234 867 654 443 75 785 268 689 488 982 21 190 590 70 595 589 451 331 341 121 807 493 826 524 40 968 327 123 90 179 615 546 220 184 234 181 138 467 285 64 732 496 780 102 101 853 694 645 683 861 848 590 479 863 494 330 832 422 209 643 14 678 708 695 162 788 478 128 760 127 403 738 690 272 26 406 800 832 574 371 674 519 464 64 159 194 992 261 896 892 791 315 471 902 885 533 206 667 789 613 354 585 766 616 455 869 765 510 658 937 557 76 605 510 188 62 216 824 643 586 57 201 102 214 678 651 243 207 966 67 837 609 432 434 651 844 307 829 325 509 268 466 325 343 980 168 20 531 364 128 83 698 285 687 413 805 418 885 699 375 279 919 239 263 785 160 569 60 914 429 852 981 796 71 334 594 449 938 606 534 769 470 716 585 330 740 823 73 512 636 120 717 579 83 60 155 439 822 429 931 397 471 631 47 578 666 977 501 192 655 88 913 505 65 520 235 981 700 206 126 680 33 874 520 877 250 906 720 41 518 781 748 825 601 875 932 525 823 62 200 541 499 666 515 945 502 588 80 626 299 983 586 584 693 225 441 702 269 362 522 552 990 184 880 935 154 333 243 401 204 369 230 907 681 189 945 752 734 498 809 817 431 16 636 976 897 82 989 403 77 482 716 836 173 813 536 232 437 642 172 443 492 507 956 289 974 722 195 82 896 706 942 65 724 869 534 909 901 961 730 668 664 45 339 686 861 286 284 959 668 916 262 290 231 528 452 682 803 469 611 414 458 17 455 23 790 186 50 147 275 601 461 315 337 12 943 266 57 315 972 610 467 988 948 528 131 617 715 726 590 269 933 729 16 533 881 206 683 761 169 125 678 805 310 776 176 310 647 936 132 150 620 64 205 396 537 118 315 48 923 281 9 486 198 160 454 540 388 510 415 536 68 628 677 784 633 705 498 951 912 599 668 31 71 754 987 608 104 899 747 839 152 403 582 2 175 562 36 990 407 265 18 874 792 758 851 166 686 949 342 92 919 808 143 647 926 532 532 336 89 794 267 925 863 216 476 433 525 863 838 953 83 707 100 362 114 496 471 41 817 879 449 87 108 198 105 359 421 680 959 445 567 527 290 615 411 486 253 411 17 732 424 790 912 55 49 583 463 80 365 296 863 985 793 521 406 177 790 147 641 316 482 681 333 63 379 12 328 77 920 289 521 41 125 575 159 476 472 527 637 737 245 102 230 167 747 75 948 554 541 443 481 564 410 30 499 952 916 935 355 130 659 721 43 233 4 681 310 399 134 733 178 42 274 230 983 859 533 956 632 287 38 6 325 494 364 136 229 732 47 59 76 839 715 127 806 319 867 763 58 341 967 502 613 244 592 178 662 420 719 305 431 401 209 491 608 150 812 951 831 324 753 601 27 777 983 162 535 489 353 167 720 26 773 222 689 205 498 464 814 58 601 399 539 944 867 251 145 205 497 161 698 519 211 681 141 989 587 485 194 241 241 873 45 859 807 662 488 135 144 483 974 593 465 933 293 955 235 670 705 931 95 244 890 192 240 415 789 334 868 551 385 239 387 921 907 345 211 228 45 292 766 687 464 76 429 13 350 873 629 427 113 462 418 750 565 238 339 326 34 188 105 578 191 973 762 39 371 82 204 873 472 824 117 731 688 195 69 825 42 113 954 471 744 449 166 91 54 908 680 401 438 667 183 483 660 881 675 312 480 949 649 595 299 784 735 105 385 988 307 458 187 677 36 49 645 15 934 504 778 404 103 157 852 40 171 741 458 713 72 81 757 442 293 963 850 986 431 289 26 783 375 940 17 915 852 145 80 982 935 573 977 378 80 197 439 579 677 397 600 441 513 324 97 343 618 263 160 557 134 960 699 153 626 492 450 583 272 554 131 519 938 607 675 783 964 948 537 554 836 466 356 193 733 89 510 262 102 950 476 269 17 473 83 786 114 917 211 83 928 964 20 650 639 291 615 619 51 36 502 381 955 155 509 842 189 850 306 85 671 290 182 794 519 72 308 262 172 99 804 15 701 84 723 599 133 665 441 952 377 355 341 806 747 586 478 44 782 223 926 720 690 178 718 327 46 70 537 39 199 949 845 714 276 737 780 865 811 316 398 755 884 535 207 917 239 35 700 663 541 854 264 161 430 235 343 712 69 268 987 722 854 288 40 414 268 79 833 258 766 924 446 735 881 416 998 220 161 824 282 629 913 550 896 155 68 32 477 618 564 545 494 430 52 599 401 577 401 582 449 388 497 617 452 380 349 722 60 374 390 482 37 53 20 855 221 199 763 234 746 705 285 442 419 467 921 873 127 484 719 295 714 422 842 57 633 436 71 473 282 438 752 215 821 482 517 744 538 668 101 441 331 925 803 51 934 492 698 749 828 332 412 766 543 548 622 517 552 19 588 183 762 937 311 79 230 406 732 21 875 609 469 579 116 550 834 195 515 414 331 628 448 747 958 316 880 425 812 829 337 480 615 210 402 526 426 255 613 783 786 848 446 202 509 509 474 70 172 744 225 246 859 34 222 897 444 880 339 934 404 736 569 298 246 40 936 813 765 350 867 363 19 288 628 41 537 626 429 636 614 958 939 644 478 699 490 54 757 494 457 479 546 413 464 284 175 875 177 198 892 287 979 313 833 76 527 373 286 811 537 820 921 406 925 743 559 175 827 878 744 156 943 140 208 81 936 22 725 989 851 117 418 933 786 687 697 848 327 149 905 264 770 369 665 726 72 56 207 722 586 188 307 387 985 955 820 843 553 698 911 275 503 792 991 443 20 847 714 340 168 185 309 669 411 662 787 276 353 401 736 896 353 134 609 557 542 86 469 998 838 35 272 959 535 499 299 56 902 772 723 162 719 984 490 771 471 480 318 501 42 59 308 686 662 857 292 929 264 214 498 408 561 360 756 660 763 321 471 200 6 881 348 261 747 516 144 215 308 904 852 587 57 339 740 627 467 2 424 471 835 969 634 727 937 472 116 62 707 151 766 315 502 448 510 232 252 681 738 338 456 224 877 412 618 434 761 876 616 411 676 75 507 492 528 875 439 928 7 181 788 492 112 277 710 261 896 492 567 21 147 57 379 838 142 484 19 195 460 330 340 817 768 300 487 673 564 674 767 550 228 13 964 626 479 389 713 132 915 858 190 74 452 436 303 459 277 654 162 389 872 506 456 873 976 45 673 564 767 81 715 366 791 5 891 400 705 703 878 973 451 525 7 857 186 102 101 177 531 914 184 417 768 441 624 598 696 364 74 346 550 205 789 203 105 485 641 462 848 898 2 986 674 87 496 594 113 857 101 358 123 242 159 932 442 577 4 588 694 171 297 834 24 988 838 685 30 130 358 630 260 488 919 555 928 57 245 517 822 871 133 722 862 597 453 408 267 186 517 510 198 976 740 893 801 353 173 916 728 726 632 983 94 594 28 996 427 849 557 92 935 255 593 688 837 464 406 533 539 908 398 203 789 73 576 475 274 884 398 278 974 580 241 429 770 324 297 115 831 594 345 310 549 554 60 735 490 21 8 179 524 435 222 66 835 15 511 760 223 840 899 451 556 957 329 810 46 586 41 641 237 210 302 963 520 569 81 606 499 967 27 171 469 447 31 78 625 448 135 606 469 236 140 741 527 707 363 482 758 52 144 784 480 345 331 865 452 927 172 240 595 21 948 36 177 542 89 925 852 203 733 222 138 866 222 30 862 946 89 28 281 169 525 175 974 177 565 892 582 931 924 294 340 881 863 484 188 683 654 631 245 170 933 503 831 243 677 874 271 741 603 568 273 292 886 543 155 574 757 544 938 370 692 622 539 733 820 814 252 399 593 170 290 883 160 521 426 898 806 702 223 762 526 926 978 281 272 506 473 901 563 188 522 858 398 956 233 105 163 611 751 328 437 265 360 9 327 423 20 182 827 402 298 329 847 823 790 547 65 900 537 864 178 703 349 139 226 834 248 372 611 677 186 508 364 616 330 537 191 491 571 969 552 454 336 276 187 215 562 821 635 423 840 292 622 752 642 510 119 976 389 354 734 698 247 333 111 471 545 920 652 454 625 910 588 326 881 690 323 782 857 65 873 487 619 829 476 64 46 586 195 660 609 108 354 265 632 649 557 15 772 876 313 801 476 829 817 90 739 833 792 716 797 871 518 399 844 971 853 909 388 402 661 110 361 249 433 70 888 241 662 556 65 572 235 974 141 978 90 475 511 116 628 971 471 553 344 937 527 167 545 171 505 512 207 997 102 640 487 421 153 182 85 127 988 763 982 779 584 13 594 979 840 114 520 348 321 838 307 308 992 255 679 293 171 586 69 5 101 278 362 846 19 566 726 114 386 586 151 867 94 213 642 878 640 479 298 753 962 281 688 3 483 144 844 688 772 870 566 173 267 997 936 575 791 233 345 317 941 65 144 429 587 783 92 987 707 604 488 894 973 8 498 733 558 903 712 623 412 281 700 36 287 962 32 322 689 906 602 942 774 512 186 777 933 615 54 420 795 496 729 708 292 581 831 944 708 162 288 99 908 72 132 298 221 347 997 922 278 606 816 114 188 929 873 483 500 435 245 462 175 376 828 65 689 479 677 179 328 457 75 85 316 417 786 621 779 28 919 57 309 845 466 599 916 464 516 88 687 724 33 697 974 483 416 90 860 721 524 974 179 883 162 754 524 452 933 946 402 681 773 224 369 764 270 126 388 724 421 497 444 288 840 946 126 483 934 32 28 366 381 45 806 605 923 181 239 342 80 256 584 925 798 899 174 701 570 399 157 577 876 538 609 587 148 37 951 367 512 39 598 336 235 14 576 439 83 658 587 98 204 28 407 584 101 164 417 977 155 593 691 790 209 517 926 469 74 385 234 98 466 599 584 931 997 445 70 61 689 596 546 289 480 756 196 961 286 197 159 193 248 450 451 724 628 156 629 914 154 145 468 408 556 364 980 954 217 80 996 752 562 313 999 232 509 946 220 995 947 351 812 787 337 347 732 338 76 279 266 177 722 594 43 702 260 911 723 581 271 706 170 699 957 564 337 878 177 806 396 982 60 134 52 303 63 167 111 490 534 915 91 262 462 177 470 971 547 551 913 930 168 530 106 987 731 268 365 524 17 959 881 20 413 219 569 356 804 408 220 685 76 798 951 633 964 700 225 590 98 855 345 802 275 414 323 913 229 370 942 631 71 558 514 460 767 711 599 987 148 232 840 333 910 318 955 540 520 338 375 607 592 907 387 449 647 658 204 794 574 49 198 151 951 726 325 368 736 927 164 451 922 619 169 509 920 463 419 423 887 851 548 383 986 568 108 918 564 928 575 274 125 360 168 709 549 391 711 700 633 916 483 525 429 28 405 111 913 998 60 839 387 714 940 779 619 333 850 125 106 447 23 236 575 211 901 865 661 150 125 929 527 48 753 432 937 163 257 574 20 446 904 405 786 822 94 762 283 170 20 670 68 854 882 239 383 88 832 504 836 703 164 524 817 903 8 772 763 396 305 888 739 74 397 14 287 833 464 677 827 419 378 937 938 526 999 992 718 45 333 862 1 851 843 856 296 551 506 158 124 276 282 371 243 725 13 938 61 682 296 790 605 653 834 361 33 443 855 172 424 960 97 141 566 349 733 566 419 650 556 401 80 711 522 909 583 386 143 869 134 975 725 650 880 580 123 873 871 567 457 53 89 141 578 48 622 373 553 645 572 257 487 208 835 530 887 327 483 698 84 464 4 36 491 840 765 950 440 606 565 271 351 265 826 340 952 868 51 637 204 341 754 54 675 82 445 559 555 669 601 91 731 233 169 938 261 186 717 196 967 378 817 284 924 433 633 576 440 539 130 159 257 713 541 490 880 115 693 65 189 215 212 557 96 657 773 618 625 840 6 624 204 719 617 623 707 621 415 361 156 203 495 527 589 711 404 263 13 545 281 171 213 96 516 227 521 213 92 147 516 148 262 107 617 664 25 942 526 787 3 845 850 616 166 528 485 711 933 581 111 388 563 221 42 755 90 831 544 209 226 50 12 127 754 4 820 535 76 748 973 669 218 263 801 953 782 862 882 476 887 420 882 373 348 618 317 225 92 970 514 789 86 365 319 547 152 863 484 907 571 842 253 337 231 277 286 825 769 180 645 861 299 318 295 539 825 266 34 783 39 712 981 495 567 478 957 74 479 518 201 282 355 637 938 921 347 605 767 731 298 368 136 69 66 595 881 424 640 297 143 371 938 140 813 121 595 267 704 985 938 392 552 502 472 312 550 427 59 731 254 290 544 635 255 359 974 805 261 310 861 259 203 496 645 643 825 562 100 282 316 282 798 323 364 198 695 71 725 584 481 173 931 336 820 210 158 38 707 201 497 699 819 757 603 257 354 44 552 366 113 535 873 63 610 326 333 491 654 424 237 506 135 374 663 207 523 551 651 338 718 118 511 58 809 537 140 141 567 5 128 870 798 205 477 564 722 582 971 50 17 572 20 83 629 21 101 333 832 504 80 694 845 849 802 130 781 17 46 254 483 696 425 197 754 635 375 622 304 60 808 996 424 349 605 761 975 738 479 44 233 237 740 638 38 679 758 340 973 541 343 453 729 934 868 925 698 695 963 365 224 857 736 106 234 3 25 629 126 458 21 494 901 961 694 958 418 129 862 796 887 563 520 908 83 406 821 257 687 552 705 360 163 250 33 317 802 837 103 328 528 292 614 401 235 729 473 11 303 397 932 224 97 625 811 996 248 348 929 660 550 272 95 81 709 756 152 135 346 838 768 105 357 980 951 614 654 159 377 206 552 102 347 209 985 311 369 75 475 777 436 195 66 86 699 425 842 670 275 4 192 90 79 696 766 981 96 752 260 114 512 766 598 403 519 668 693 399 912 113 107 426 899 422 7 638 504 709 825 271 110 905 419 127 258 951 82 369 35 299 924 414 228 192 686 277 865 755 621 429 543 671 240 973 476 167 252 912 76 835 36 667 977 596 233 319 415 122 463 727 723 882 798 235 948 780 753 417 204 38 392 335 456 304 166 117 850 720 598 118 4 812 540 33 22 969 416 441 589 15 791 665 224 990 92 986 911 822 803 629 213 186 674 188 271 19 86 333 200 261 82 550 32 269 5 335 858 618 670 502 758 981 17 354 752 742 314 254 606 818 551 542 285 839 40 158 802 705 38 833 904 695 160 411 185 369 898 454 480 495 567 563 739 72 707 503 424 121 741 152 281 434 486 934 507 266 645 148 604 956 59 425 761 329 763 191 715 130 924 772 756 240 571 219 73 550 989 695 33 243 69 247 677 860 687 702 968 36 283 246 698 542 608 187 372 534 447 828 920 967 313 58 303 570 837 549 314 593 193 855 809 924 329 916 176 647 621 267 233 927 367 522 859 411 618 24 262 611 338 177 895 695 621 343 401 223 421 445 669 961 171 43 214 876 948 720 392 793 208 512 414 703 305 819 745 369 123 321 673 429 206 253 42 151 237 977 430 669 69 494 704 76 383 439 10 360 81 455 246 285 258 132 699 977 500 4 520 846 482 91 210 554 782 757 72 695 837 122 472 788 239 873 115 376 32 604 80 309 952 128 291 813 518 647 510 832 331 827 471 476 62 291 561 479 577 572 766 807 691 212 167 37 834 486 316 126 114 823 788 443 170 586 391 863 676 886 885 37 319 768 596 626 505 543 240 889 991 768 509 511 487 806 2 761 904 385 189 147 842 7 401 637 226 183 818 33 176 216 165 499 7 497 278 463 743 166 680 312 219 315 732 904 419 760 446 794 188 40 679 185 916 628 460 242 505 12 944 2 753 952 419 894 568 75 923 821 162 874 934 376 951 900 424 548 533 676 508 522 68 849 992 342 948 860 500 503 476 861 107 840 140 31 594 898 701 10 442 313 809 788 427 38 513 849 786 932 58 243 709 811 760 696 882 973 705 841 465 818 148 587 750 298 206 316 741 653 167 930 691 655 906 412 305 697 775 26 343 515 499 703 50 663 965 677 856 121 221 306 433 239 233 71 497 121 482 86 776 972 529 539 575 732 500 649 437 828 909 375 658 992 88 955 681 329 143 938 756 385 575 779 892 57 174 324 868 69 628 341 42 28 149 334 977 511 178 887 134 105 950 665 407 714 244 158 995 984 687 101 376 330 692 943 508 87 593 453 399 688 118 466 703 111 410 449 822 867 58 292 238 193 753 923 668 321 81 720 866 180 746 744 360 44 844 791 256 210 576 461 410 461 253 385 782 977 723 711 70 862 114 461 218 264 329 829 645 249 115 512 712 956 633 965 800 393 235 891 948 554 3 537 574 460 885 877 190 861 767 807 693 313 211 694 222 510 577 113 204 18 700 869 991 627 303 549 834 554 495 153 506 964 362 265 452 671 162 540 962 935 978 951 334 828 760 652 384 379 703 132 448 824 672 252 704 784 15 931 430 959 249 327 495 832 508 492 517 221 941 68 763 114 797 662 49 157 91 161 971 509 567 227 65 208 306 138 144 377 52 593 526 671 575 958 600 344 502 422 420 423 710 719 317 509 619 482 204 709 148 157 217 967 590 671 834 443 610 135 93 639 918 745 953 587 700 653 143 949 312 612 376 25 728 280 682 170 643 359 413 355 915 782 276 163 907 642 139 417 64 320 979 616 871 967 175 221 276 949 874 106 103 79 167 417 385 768 56 507 713 824 379 33 291 143 711 371 890 258 688 279 995 367 519 395 766 836 336 33 760 803 230 112 942 864 974 170 331 623 619 1 619 297 50 284 272 689 102 528 633 78 991 526 722 367 812 391 712 724 142 189 980 355 411 751 751 875 157 697 154 64 148 565 946 713 642 913 38 829 647 859 715 623 783 456 393 655 708 908 298 638 918 13 890 54 967 212 325 171 249 238 84 704 754 809 589 884 192 600 593 154 840 399 741 818 19 347 85 961 31 157 208 154 927 4 261 200 735 249 420 62 66 216 675 543 421 938 447 13 508 863 20 582 317 61 720 439 982 125 460 712 321 550 385 98 412 132 841 839 738 973 312 722 879 144 965 665 511 955 832 817 625 596 204 38 47 978 404 639 391 224 327 292 666 205 619 260 198 548 875 794 423 849 43 297 566 680 292 76 764 801 650 226 280 641 981 284 693 24 287 612 181 32 999 544 690 126 666 517 335 852 536 613 574 379 672 492 678 259 326 895 884 561 502 671 851 255 599 572 482 429 591 202 577 121 768 795 201 724 220 799 812 647 538 397 154 593 658 562 39 38 755 160 588 953 74 581 211 292 223 483 211 4 472 66 142 373 68 186 624 329 556 148 795 217 705 57 503 138 831 477 581 660 42 675 528 368 686 380 151 846 569 421 492 47 618 645 645 427 587 169 624 594 32 118 186 180 272 502 81 621 750 478 124 967 830 497 667 609 698 341 168 358 750 715 727 851 702 983 806 304 663 448 507 617 548 504 5 454 698 263 669 948 809 692 525 177 724 3 573 439 949 194 695 27 954 681 848 463 718 625 418 249 785 342 284 645 570 423 110 748 818 421 843 318 33 260 75 39 975 333 399 

>>1058